01134307159507779592671504571318813160635297526157
30789102524120841873196197484399937723864561919460
87478826723016082986372181017731084713091025268042
71497307509461145750137399029479068612473366877082
59254194295374428814428259101157819776170121630683
89290717389611405096779671423708856023870662341081
74699205904288348666460276172174721778905627711072
25564014080750719495302840172521211336504044629606
9322958662242613264551718564530024139282789Í677214
02837042695085726637220670049147097103412503230525
75135698115144808688741272747168109423551488422390
31035311424533287085094031551358837938611072979908
51431935757033447078196651604607115392251661558064
46091485333368972846196739762988046706883737738290
34952649714080619154937673699692285140865196693727
73258072505622901216818426442312597665858952755679
04386673893810341865525886293098061525925332204539
95324946099921988923177484238343694720064686417478
45784297216249425366769315491649619485033460741879
40436972568908249766251275945875284536734075098838
